hs1 44253015 44253015 0
hs1 154426970 154426970 0
hs1 156419786 156419786 0
hs1 159175354 159175354 0
hs1 159175354 159175354 0
hs1 159175354 159175354 0
hs1 159175354 159175354 0
hs1 159175354 159175354 0
hs1 159175354 159175354 0
hs1 179682087 179682087 0
hs1 196710916 196710916 0
hs2 27730940 27730940 0
hs2 32489851 32489851 0
hs2 65602149 65602149 0
hs2 160726868 160726868 0
hs2 190446541 190446541 0
hs2 204776176 204776176 0
hs3 5026008 5026008 0
hs3 42906116 42906116 0
hs3 42906116 42906116 0
hs3 42906116 42906116 0
hs3 42910621 42910621 0
hs3 46250348 46250348 0
hs3 46390228 46390228 0
hs3 46457412 46457412 0
hs3 98429219 98429219 0
hs3 128381886 128381886 0
hs3 132200719 132200719 0
hs3 143021856 143021856 0
hs3 172294500 172294500 0
hs3 186449122 186449122 0
hs3 188115682 188115682 0
hs3 194061578 194061578 0
hs4 3452345 3452345 0
hs4 39457617 39457617 0
hs4 103188709 103188709 0
hs4 105806108 105806108 0
hs4 187158034 187158034 0
hs4 187161211 187161211 0
hs5 1282319 1282319 0
hs5 95263427 95263427 0
hs6 31154493 31154493 0
hs6 32424882 32424882 0
hs6 32434716 32434716 0
hs6 32444093 32444093 0
hs6 32586222 32586222 0
hs6 32602396 32602396 0
hs6 40998167 40998167 0
hs6 161256529 161256529 0
hs7 73030175 73030175 0
hs7 75495667 75495667 0
hs7 94953895 94953895 0
hs7 101699589 101699589 0
hs8 23085868 23085868 0
hs8 59382715 59382715 0
hs8 106581528 106581528 0
hs8 106581528 106581528 0
hs8 106583124 106583124 0
hs8 116657911 116657911 0
hs8 120201029 120201029 0
hs9 2687795 2687795 0
hs9 90362040 90362040 0
hs9 107661742 107661742 0
hs9 128807910 128807910 0
hs9 136154168 136154168 0
hs9 136155000 136155000 0
hs9 136155000 136155000 0
hs9 136155000 136155000 0
hs9 136939992 136939992 0
hs10 64948684 64948684 0
hs10 65071215 65071215 0
hs10 65077994 65077994 0
hs11 61549025 61549025 0
hs11 72945341 72945341 0
hs11 108311965 108311965 0
hs11 117864063 117864063 0
hs11 126243952 126243952 0
hs11 126261564 126261564 0
hs12 578100 578100 0
hs12 6514963 6514963 0
hs12 11058117 11058117 0
hs12 111865049 111865049 0
hs12 111884608 111884608 0
hs12 111884608 111884608 0
hs12 111884608 111884608 0
hs12 111884608 111884608 0
hs12 111884608 111884608 0
hs12 111884608 111884608 0
hs12 111932800 111932800 0
hs12 111973358 111973358 0
hs12 112007756 112007756 0
hs13 28604007 28604007 0
hs13 28604007 28604007 0
hs14 68760141 68760141 0
hs14 94844947 94844947 0
hs14 103230758 103230758 0
hs15 63639644 63639644 0
hs15 88514855 88514855 0
hs16 56993161 56993161 0
hs16 67940350 67940350 0
hs17 7063667 7063667 0
hs17 7106378 7106378 0
hs17 16852187 16852187 0
hs17 26694861 26694861 0
hs17 26694861 26694861 0
hs17 38137033 38137033 0
hs17 64224775 64224775 0
hs17 64305051 64305051 0
hs17 79220224 79220224 0
hs18 24686365 24686365 0
hs18 29804863 29804863 0
hs18 45546185 45546185 0
hs19 44153100 44153100 0
hs19 44174441 44174441 0
hs19 49206145 49206145 0
hs19 49206145 49206145 0
hs19 49206172 49206172 0
hs19 49206674 49206674 0
hs19 54793830 54793830 0
hs20 44551855 44551855 0
hs20 52731402 52731402 0
